GATE_BL_TM: 2675.206,-1295.226,1994.358,-1088.913,0,0
GATE_SB_TM: -2337.794,-1574.226,-1906.642,-1422.913,2,0
GATE_SI_TM: 266.6715,-74.75938,422.7883,-142.0573,1,0
GATE_TM_US: 423.3333,494.5946,1662.126,-1582.369,1,0
TM_A01: -136.6098,4264.916,130.8917,3582.206,1,1
TM_A02: -137.1493,3695.677,131.9588,3052.03,1,1
TM_A03: -136.3666,3212.751,132.9999,2823.884,1,1
TM_A04: 9.92187,2885.331,280.3159,2558.06,1,1
TM_A05: 19.81781,2484.2,282.2628,2262.936,1,1
TM_B01: -132.9011,2952.488,129.1146,2506.445,1,1
TM_B02: -275.0583,2555.175,-29.63564,2079.974,1,1
TM_B03: -336.3914,2124.005,-22.65428,1770.857,1,1
TM_B04: -448.3177,1736.631,-126.5058,1541.041,1,1
TM_B05: -367.9572,1406.555,-30.50591,1250.481,1,1
TM_B06: -123.0264,1288.274,375.1702,1365.232,1,1
TM_B07: 23.12549,2247.019,282.4426,2129.708,1,1
TM_B08: 99.53635,1865.334,333.8671,1672.906,1,1
TM_B09: 99.96384,1457.375,515.2712,1423.676,1,1
TM_B10: -126.2313,1682.797,170.9833,1795.604,0,1
TM_B11: -129.4582,1481.774,163.915,1563.945,0,1
TM_B12: -120.4634,1401.021,352.2001,1494.499,1,1
TM_B13: -93.13268,1312.907,212.9839,1402.065,0,1
TM_B14: -42.21788,1143.441,-241.59,1032.854,0,1
TM_B15: -40.71829,807.5655,-246.0393,803.5274,0,1
TM_B16: -40.9769,404.2457,-246.1028,322.3524,0,1
TM_C01: -430.5182,610.2053,-517.7797,613.5074,1,1
TM_C02: -293.205,368.9719,-769.7407,417.2339,1,1
TM_C03: -368.644,66.31983,-608.9365,90.77782,1,1
TM_C04: -118.6133,-156.9559,-355.6304,83.04308,0,1
TM_C05: -350.2206,1180.365,-67.32774,1123.142,1,1
TM_C06: -23.65195,1154.086,189.3618,1133.939,1,1
TM_C07: 334.6414,1129.151,452.9278,1121.109,1,1
TM_C08: -132.0245,963.1941,-65.48257,956.3305,2,1
TM_C09: 505.3481,968.9745,347.7509,958.0514,2,1
TM_C10: 695.642,881.4637,812.1155,872.4225,1,1
TM_C11: -331.3155,817.1725,-87.7,816.4889,2,1
TM_C12: -80.23148,830.4181,90.00967,840.8518,2,1
TM_C13: -238.7448,463.5075,-65.08975,355.7632,2,1
TM_C14: -44.91531,742.4058,146.9663,699.1554,2,1
TM_C15: 156.7496,654.667,324.1944,710.9657,1,1
TM_C16: 443.3499,652.8661,487.6957,705.3656,1,1
TM_C17: 374.1281,409.0888,457.5838,371.0334,1,1
TM_C18: 333.6573,105.7159,403.1604,115.0202,1,1
TM_C19: 37.45748,78.71578,93.95978,106.2206,1,1
TM_C20: 82.45687,-40.28265,88.95978,-38.78058,1,1
TM_C21: 393.0031,-206.9097,543.0848,-174.7173,0,1
TM_C22: 779.2629,978.6074,615.4095,977.8545,2,1
TM_C23: 382.9926,382.5158,818.7333,136.6477,2,1
TM_C24: -5.341063,251.8489,245.6497,369.149,2,1
TM_C25: -6.957983,-6.868381,248.3815,142.8899,2,1
TM_C26: 153.6842,-35.86938,397.81,-6.964947,2,1
TM_C27: 294.859,14.8025,662.7983,113.1405,2,1
TM_C28: -10.02045,-188.3369,244.5724,6.994442,2,1
TM_C29: 153.6189,-329.1726,267.5018,-252.4159,0,1
TM_C30: 386.7932,-459.6063,546.3271,-316.7639,0,1
TM_D01: -1205.257,-443.2777,-1215.395,-457.9849,1,1
TM_D02: -291.0956,-272.1435,-538.9299,-142.5359,1,1
TM_D03: -400.9846,-662.1906,-665.4235,-542.6156,1,1
TM_D04: -922.254,-609.9099,-1081.408,-678.3228,1,1
TM_D05: -1621.851,-793.027,-1470.138,-514.9702,2,1
TM_D06: -1471.952,-777.5978,-1525.395,-662.9845,1,1
TM_D07: -31.06793,-769.424,-492.8399,-741.1148,1,1
TM_D08: 525.4321,-778.4594,-149.5454,-733.0119,1,1
TM_D09: -1214.24,-994.0262,-1206.836,-932.8341,1,1
TM_D10: -510.5782,-498.9699,-810.0673,-375.3622,1,1
TM_D11: -37.86434,-488.8146,-223.0661,-292.0403,0,1
TM_D12: 391.2307,-900.4417,328.8404,-902.1659,0,1
TM_D13: 44.87377,-951.208,22.19068,-923.406,2,1
TM_D14: 118.3088,-769.6386,-277.9379,-603.6734,2,1
TM_D15: -39.69092,-1265.64,-381.9385,-1214.675,2,1
TM_D16: -242.85,-1438.208,-527.7957,-1193.436,2,1
TM_D17: -159.0866,-627.1339,-350.1914,-420.9984,1,1
TM_D18: -596.5386,-777.7022,-723.364,-743.664,1,1
TM_E01: -790.9802,-1271.687,-1114.781,-1204.754,1,1
TM_E02: -1680.83,-1122.258,-1441.539,-1077.649,1,1
TM_E03: -1537.183,-1324.714,-1553.878,-1208.675,1,1
TM_E04: -2217.54,-1319.598,-2033.508,-1209.813,1,1
TM_E05: -2635.769,-1475.442,-2174.161,-1444.167,2,1
TM_E06: -755.1802,-1496.714,-901.874,-1363.675,2,1
TM_E08: -2503.769,-1594.442,-2034.16,-1430.167,2,1
TM_E09: -2063.065,-1340.477,-1761.079,-1072.931,2,1
TM_E12: 519.7178,-1353.271,302.4407,-1205.825,0,1
TM_E13: -409.83,-1740.26,-790.5366,-1514.649,2,1
TM_E14: -37.31744,-1790.573,-393.0367,-1540.85,2,1
TM_E15: 118.4468,-1765.678,-222.45,-1602.577,2,1
TM_E16: 342.4604,-1616.598,-224.5057,-1451.813,1,1
TM_E17: 588.4606,-1552.598,-68.50592,-1354.813,1,1
TM_E19: -597.8298,-1485.258,-760.5366,-1364.649,2,1
TM_F01: 1019.038,-1557.25,334.8743,-1441.235,1,1
TM_F02: 1447.295,-1447.48,945.8099,-1339.446,1,1
TM_F03: 1647.416,-1506.183,1093.951,-1439.534,1,1
TM_F04: 1890.295,-1471.48,1240.809,-1327.446,1,1
TM_F05: 1816.295,-1607.48,1269.809,-1541.446,1,1
TM_F06: 987.3055,-1417.63,550.0771,-1199.542,0,1
TM_F07: 1771.714,-1297.995,995.4611,-1099.87,0,1
TM_F08: 2015.874,-1337.396,1404.551,-1241.47,1,1
TM_F09: 2458.795,-1312.99,1741.482,-1107.955,0,1
TM_F10: 2034.295,-1529.48,1420.809,-1381.446,1,1
TM_F11: 2240.036,-1187.537,1594.131,-964.3643,0,1
TM_N04: 93.33334,44.59464,1530.126,-1593.369,1,1
TM_N05: 203.3333,44.59464,1405.126,-1559.369,1,1
TM_S01: 26.45748,184.7157,84.95988,260.2198,1,0
TM_S02: -256.3174,1531.636,123.4943,1435.04,1,0
TM_S03: -105.8549,3480.562,-29.65924,3093.176,2,0
TM_S04: -188.4741,418.4332,-391.1251,538.0989,1,0
TM_S05: 616.4321,-772.4587,18.45473,-577.0122,2,0
TM_S06: -2653.769,-1232.442,-2178.161,-1067.167,2,0
TM_S07: 2398.795,-1214.99,1742.482,-960.9533,0,0
TM_S08: 169.7649,-1815.803,-212.9125,-1737.011,2,0
TM_S09: -89.89816,1240.808,227.5984,1266.214,0,0
OffScreenDen_TM: 117.4568,-2410.283,877.9601,-136.7795,1,1
Connection: GATE_BL_TM,TM_F09,2,11,86,18,2,0
Connection: GATE_SB_TM,TM_E08,2,9,37,17,2,0
Connection: GATE_SI_TM,TM_C20,11,19,48,15,1,0
Connection: GATE_TM_US,TM_N04,2,9,44,17,2,0
Connection: TM_A01,TM_A02,35,19,35,223,3,1
Connection: TM_A02,TM_S03,28,54,22,22,0,1
Connection: TM_A02,TM_A03,28,8,29,76,3,1
Connection: TM_A03,TM_B01,29,5,28,100,3,1
Connection: TM_A03,TM_A04,48,12,9,114,2,2
Connection: TM_A04,TM_A05,9,12,6,105,2,2
Connection: TM_A05,TM_B07,9,18,15,30,2,2
Connection: TM_B01,TM_B02,28,11,57,157,3,0
Connection: TM_B02,TM_B03,53,18,60,106,0,0
Connection: TM_B03,TM_B04,57,5,112,73,0,0
Connection: TM_B04,TM_B05,113,19,56,108,0,0
Connection: TM_B05,TM_S02,59,99,18,7,0,2
Connection: TM_B05,TM_B06,15,37,23,4,0,3
Connection: TM_B05,TM_C05,36,4,56,31,3,1
Connection: TM_B06,TM_B12,28,36,38,3,1,3
Connection: TM_B07,TM_B08,27,6,5,186,2,2
Connection: TM_B08,TM_B10,8,43,49,26,2,0
Connection: TM_B08,TM_B09,4,7,2,74,2,2
Connection: TM_B09,TM_B12,4,35,57,33,2,0
Connection: TM_B09,TM_B14,49,6,42,71,2,1
Connection: TM_B10,TM_B11,41,5,56,76,0,1
Connection: TM_B11,TM_B13,31,3,19,30,3,1
Connection: TM_B13,TM_S09,32,12,23,29,3,1
Connection: TM_B13,TM_B14,40,4,23,71,3,1
Connection: TM_B14,TM_B15,30,19,30,67,3,1
Connection: TM_B15,TM_C01,13,11,110,105,2,0
Connection: TM_B15,TM_B16,36,20,36,182,2,2
Connection: TM_B16,TM_C02,14,86,178,22,2,0
Connection: TM_B16,TM_C04,30,9,82,64,3,1
Connection: TM_C01,TM_C02,88,9,108,32,3,0
Connection: TM_C02,TM_S04,141,35,18,3,0,2
Connection: TM_C02,TM_C03,139,7,54,118,3,0
Connection: TM_C03,TM_C13,37,74,31,16,0,0
Connection: TM_C03,TM_C04,50,19,14,72,0,2
Connection: TM_C04,TM_D02,14,55,45,74,2,1
Connection: TM_C04,TM_D11,96,6,33,109,0,1
Connection: TM_C05,TM_C06,106,7,5,16,0,2
Connection: TM_C06,TM_C07,117,16,4,27,0,2
Connection: TM_C06,TM_C08,17,14,104,28,3,1
Connection: TM_C07,TM_C10,101,9,7,108,3,2
Connection: TM_C08,TM_C09,182,13,18,9,0,2
Connection: TM_C08,TM_C11,54,4,55,35,3,0
Connection: TM_C09,TM_C22,103,18,17,8,0,2
Connection: TM_C10,TM_C22,95,83,21,3,1,3
Connection: TM_C10,TM_C16,21,3,85,34,3,3
Connection: TM_C11,TM_C12,51,18,10,15,0,2
Connection: TM_C11,TM_C13,53,4,33,191,0,1
Connection: TM_C13,TM_C14,42,184,3,10,0,1
Connection: TM_C13,TM_C24,51,52,8,66,0,3
Connection: TM_C14,TM_C15,40,5,15,35,0,2
Connection: TM_C15,TM_C16,61,35,4,36,0,2
Connection: TM_C16,TM_C17,24,5,22,106,2,2
Connection: TM_C17,TM_C18,23,14,55,48,2,0
Connection: TM_C18,TM_C24,7,73,44,5,2,0
Connection: TM_C18,TM_C27,31,7,16,17,0,2
Connection: TM_C18,TM_C20,4,18,44,30,2,0
Connection: TM_C18,TM_C21,62,5,15,90,2,2
Connection: TM_C19,TM_S01,27,31,31,13,1,3
Connection: TM_C19,TM_C20,33,4,18,36,3,1
Connection: TM_C21,TM_C29,9,47,42,62,2,0
Connection: TM_C21,TM_C30,15,19,15,31,2,3
Connection: TM_C23,TM_C24,10,9,57,72,2,0
Connection: TM_C24,TM_C25,43,18,44,76,0,0
Connection: TM_C25,TM_C26,46,37,14,23,0,2
Connection: TM_C25,TM_C28,19,13,19,28,2,2
Connection: TM_C26,TM_C27,55,29,24,12,0,2
Connection: TM_C28,TM_C29,36,7,7,68,3,2
Connection: TM_C29,TM_D11,9,11,41,81,2,0
Connection: TM_C29,TM_C30,42,11,8,34,0,2
Connection: TM_C30,TM_D12,8,4,2,216,2,2
Connection: TM_D01,TM_D04,43,13,17,122,0,1
Connection: TM_D02,TM_D10,24,13,156,70,0,0
Connection: TM_D03,TM_D10,53,28,126,7,0,2
Connection: TM_D03,TM_D17,90,24,3,14,0,2
Connection: TM_D03,TM_D07,101,5,49,43,3,1
Connection: TM_D04,TM_D10,98,125,17,55,0,2
Connection: TM_D04,TM_D18,91,20,15,20,0,2
Connection: TM_D04,TM_D06,4,10,192,14,2,0
Connection: TM_D05,TM_D06,37,15,68,10,0,2
Connection: TM_D06,TM_D09,151,6,19,61,0,3
Connection: TM_D07,TM_D18,4,45,93,33,2,0
Connection: TM_D07,TM_D08,150,42,6,31,0,2
Connection: TM_D07,TM_D14,115,26,10,17,0,2
Connection: TM_D07,TM_D15,80,20,26,191,3,1
Connection: TM_D08,TM_S05,88,19,6,17,0,2
Connection: TM_D09,TM_E01,41,23,19,62,3,2
Connection: TM_D11,TM_D12,35,25,7,158,0,2
Connection: TM_D11,TM_D17,12,25,43,23,2,0
Connection: TM_D12,TM_D13,17,70,40,11,2,0
Connection: TM_D12,TM_E12,24,12,4,75,3,2
Connection: TM_D13,TM_D15,6,17,35,191,3,1
Connection: TM_D15,TM_D16,8,50,38,27,2,0
Connection: TM_D15,TM_E14,26,15,25,70,3,1
Connection: TM_D16,TM_E01,4,16,257,52,2,3
Connection: TM_E01,TM_E03,10,11,199,12,2,0
Connection: TM_E01,TM_E06,33,11,5,25,0,2
Connection: TM_E02,TM_E03,18,8,74,33,0,0
Connection: TM_E03,TM_E04,7,10,206,9,2,0
Connection: TM_E04,TM_E05,11,18,40,129,2,0
Connection: TM_E04,TM_E09,151,15,15,22,3,1
Connection: TM_E05,TM_S06,18,136,24,11,1,3
Connection: TM_E05,TM_E08,32,22,6,16,2,2
Connection: TM_E06,TM_E19,37,18,13,14,0,2
Connection: TM_E06,TM_E13,33,6,4,14,3,2
Connection: TM_E12,TM_F06,96,9,7,8,0,2
Connection: TM_E12,TM_E17,74,11,23,27,3,1
Connection: TM_E13,TM_E14,132,15,5,51,0,2
Connection: TM_E14,TM_E16,42,56,6,12,0,2
Connection: TM_E14,TM_E15,42,49,13,20,0,2
Connection: TM_E15,TM_S08,30,22,23,28,0,1
Connection: TM_E16,TM_E17,37,67,5,15,0,2
Connection: TM_E17,TM_F01,42,13,4,12,0,2
Connection: TM_F01,TM_F03,142,21,15,24,0,2
Connection: TM_F02,TM_F03,40,14,7,62,0,2
Connection: TM_F03,TM_F07,12,70,130,9,2,3
Connection: TM_F03,TM_F04,34,54,4,15,0,2
Connection: TM_F03,TM_F05,30,21,8,26,0,2
Connection: TM_F04,TM_F08,26,23,22,11,1,3
Connection: TM_F04,TM_F10,39,14,5,26,0,2
Connection: TM_F05,TM_N05,40,16,5,25,0,2
Connection: TM_F06,TM_F07,182,22,17,8,3,2
Connection: TM_F07,TM_F08,255,18,22,31,3,1
Connection: TM_F07,TM_F09,349,15,6,20,0,2
Connection: TM_F09,TM_F11,28,27,26,15,1,3
Connection: TM_F09,TM_S07,30,27,22,10,1,3
Connection: TM_N04,TM_N05,2,28,39,11,2,0
