GATE_CC_UW: -2277.741,-292.5551,-1756.48,-196.555,1,0
GATE_SH_UW: 2742.128,-2448.814,2228.956,-1926.402,1,0
GATE_SS_UW: -260.4359,2353.636,-404.8555,1888.578,0,0
GATE_UW_SS: 1839.832,35.84495,1281.97,34.22011,0,0
GATE_UW_TR: -44.80592,-181.1559,-51.50187,30.66521,1,0
UW_A01: -2403.25,215.1079,-1881.862,195.2961,0,3
UW_A02: -2408.25,966.107,-1878.862,775.2965,0,3
UW_A03: 637.7465,-285.892,458.1366,-183.7035,0,2
UW_A04: -149.2535,-349.8918,-189.8635,-306.7033,0,2
UW_A05: 129.7465,-290.892,29.13623,-181.7035,0,2
UW_A06: 1468.748,-294.892,1075.136,-283.7033,0,2
UW_A07: 2894.75,-1719.892,2301.138,-1319.704,1,1
UW_A08: 2322.75,-292.892,1741.138,-254.7033,0,2
UW_A09: 3071.75,-1249.892,2373.138,-867.7035,1,1
UW_A10: 624.413,-106.9919,456.9702,-60.76984,0,2
UW_A11: 1460.416,-118.9919,1075.968,-81.76982,0,2
UW_A12: -2111.156,2249.318,-1682.117,1761.768,0,0
UW_A13: -2244.125,1615.402,-1690.894,1312.268,0,3
UW_A14: -2112.158,2368.009,-1682.064,1893.393,0,0
UW_B01: 3297.417,-427.1096,2446.912,-325.8582,0,0
UW_C01: 364.7466,-402.8921,80.13646,-304.7033,0,2
UW_C02: 12.74668,-478.8921,-52.86347,-493.7036,0,2
UW_C03: 2591.75,-415.8921,1864.138,-322.703,0,2
UW_C04: -1166.251,-357.8918,-1018.862,-312.703,0,2
UW_C05: -1942.25,-516.8921,-1614.862,-399.7036,1,0
UW_C06: 3068.75,-1590.892,2395.138,-1172.704,1,1
UW_C07: -578.1647,2370.009,-730.0657,1898.393,0,0
UW_C08: 1524.498,3.69104,961.2197,11.837,0,2
UW_D01: -2404.25,-88.89202,-1897.862,-179.7035,0,3
UW_D02: 2890.75,-2236.893,2303.138,-1786.704,1,1
UW_D03: 2735.75,-810.8928,2069.138,-727.7035,1,1
UW_D04: 2978.75,-501.8921,2192.138,-416.7036,1,0
UW_D05: -575.2543,-350.8918,-671.8649,-304.7033,0,2
UW_D06: -1556.251,-444.8921,-1273.862,-409.7036,1,0
UW_D07: -2332.25,-451.8921,-2096.862,-398.7036,0,3
UW_E01: -2407.25,1312.108,-1876.862,923.2965,0,3
UW_E02: 2732.75,-1770.892,2178.138,-1510.704,1,1
UW_E03: 2893.75,-1250.892,2178.138,-1042.703,1,1
UW_E04: 1894.749,-406.8921,1201.137,-308.7032,0,2
UW_F01: -2407.584,1956.005,-1876.029,1357.228,0,3
UW_H01: -1425.585,2366.006,-1564.03,1892.226,0,0
UW_I01: 1055.746,-111.892,638.1365,-137.7035,0,2
UW_J01: -2493.25,589.1066,-1995.862,322.2964,0,3
UW_J02: 1054.746,-467.8921,533.1365,-382.7036,0,2
UW_Pyramid01: -2251.026,-345.1241,-1604.285,-263.2909,0,1
UW_Pyramid02: -1563.026,380.8759,-1042.285,206.7091,0,1
UW_Pyramid03: -1995.025,86.87593,-1366.285,165.7091,0,1
UW_Pyramid04: -1033.026,933.876,-627.2849,608.7091,0,1
UW_Pyramid05: -1211.026,622.876,-663.2849,485.7091,0,1
UW_Pyramid06: -740.0254,1230.876,-240.2848,968.7095,0,1
UW_Pyramid07: -1916.025,-101.1241,-1261.285,-34.291,0,1
UW_Pyramid08: -517.0254,1460.876,-145.2848,1113.709,0,1
UW_Pyramid09: -184.0253,1645.876,121.7153,1313.709,0,1
UW_Pyramid10: -133.0253,1928.876,243.7151,1417.709,0,1
UW_Pyramid11: -2422.026,-643.4191,-1848.58,-400.881,0,1
UW_ROOTACCESS01: -1552.075,-206.3672,-1267.655,-190.6615,1,1
UW_ROOTACCESS02: -284.2826,-214.1407,-306.7874,9.885899,1,1
UW_ROOTACCESS03: -1316.651,-210.1776,-994.824,28.84891,2,1
UW_ROOTACCESS04: -513.2163,-186.9051,-456.8975,24.8671,2,1
UW_ROOTACCESS05: -918.8055,-365.1373,-977.969,-136.9189,2,1
UW_ROOTSAVE: -692.8406,-219.4885,-579.3541,21.16891,2,0
UW_S01: -1324.851,-500.106,-1039.737,-406.5117,1,0
UW_S02: 1359.146,-227.1066,964.2618,-138.5116,0,0
UW_S03: -2130.433,1615.637,247.1471,1292.578,0,0
UW_S04: -2241.183,-279.9687,-1743.651,-77.84352,0,0
UW_S05: 3036.749,-2403.749,2412.367,-1761.017,1,0
UW_S06: 3071.563,-1336.135,2284.796,-947.9357,1,0
UW_S07: 3399.763,-306.2341,2561.656,-196.2758,0,0
OffScreenDen_UW: 1082.746,-43.89182,1156.137,-798.7035,1,0
Connection: GATE_CC_UW,UW_Pyramid11,43,6,90,68,3,1
Connection: GATE_SH_UW,UW_D02,43,23,4,19,1,2
Connection: GATE_SS_UW,UW_C07,2,9,146,4,2,0
Connection: GATE_UW_SS,UW_C08,2,9,133,20,2,3
Connection: GATE_UW_TR,UW_ROOTACCESS02,2,9,97,20,2,0
Connection: UW_A01,UW_J01,50,30,96,28,0,3
Connection: UW_A01,UW_D01,50,15,52,145,0,0
Connection: UW_A02,UW_E01,52,28,42,21,0,0
Connection: UW_A02,UW_J01,52,13,110,197,0,0
Connection: UW_A03,UW_A10,3,29,7,2,2,3
Connection: UW_A03,UW_C01,3,3,146,29,3,1
Connection: UW_A03,UW_J02,40,4,4,71,3,1
Connection: UW_A04,UW_D05,3,31,210,27,2,1
Connection: UW_A04,UW_C02,43,31,12,117,0,2
Connection: UW_A05,UW_C02,5,26,44,115,3,1
Connection: UW_A05,UW_C01,42,3,16,29,3,1
Connection: UW_A06,UW_A11,18,32,20,3,1,3
Connection: UW_A06,UW_J02,3,19,246,71,3,1
Connection: UW_A06,UW_E04,43,19,5,31,3,1
Connection: UW_A07,UW_C06,43,14,4,9,0,2
Connection: UW_A07,UW_E02,4,8,45,103,2,0
Connection: UW_A08,UW_E04,2,4,248,31,3,1
Connection: UW_A08,UW_C03,44,4,4,39,3,1
Connection: UW_A09,UW_E03,4,11,29,89,2,3
Connection: UW_A09,UW_S06,16,8,23,24,3,1
Connection: UW_A09,UW_C06,39,8,40,103,3,1
Connection: UW_A10,UW_I01,42,19,4,58,3,2
Connection: UW_A11,UW_I01,4,23,151,58,2,0
Connection: UW_A12,UW_A14,6,29,6,4,1,3
Connection: UW_A12,UW_H01,44,21,6,4,0,3
Connection: UW_A12,UW_Pyramid10,3,10,131,127,2,0
Connection: UW_A13,UW_F01,5,27,55,10,2,0
Connection: UW_A13,UW_E01,5,6,52,183,2,0
Connection: UW_B01,UW_S07,93,39,29,28,1,1
Connection: UW_B01,UW_D04,4,19,106,61,2,0
Connection: UW_C03,UW_D04,143,19,5,65,0,2
Connection: UW_C04,UW_D05,149,35,18,24,1,1
Connection: UW_C04,UW_D06,5,17,101,65,2,0
Connection: UW_C05,UW_Pyramid11,4,9,99,9,2,0
Connection: UW_C05,UW_D06,130,7,3,12,3,3
Connection: UW_C07,UW_H01,4,5,393,8,2,0
Connection: UW_C08,UW_I01,3,23,147,99,2,0
Connection: UW_D01,UW_D07,47,16,46,70,0,0
Connection: UW_D02,UW_E02,4,146,42,9,2,3
Connection: UW_D02,UW_S05,43,19,16,15,0,2
Connection: UW_D03,UW_D04,43,148,12,8,0,3
Connection: UW_D03,UW_E03,41,17,4,182,0,2
Connection: UW_D06,UW_ROOTACCESS01,10,71,6,8,1,3
Connection: UW_D06,UW_S01,99,11,23,10,0,3
Connection: UW_E02,UW_E03,43,182,4,9,3,2
Connection: UW_I01,UW_S02,147,17,18,18,0,2
Connection: UW_I01,UW_J02,4,17,83,71,2,1
Connection: UW_Pyramid01,UW_Pyramid07,127,106,16,5,0,2
Connection: UW_Pyramid01,UW_Pyramid11,79,3,101,68,3,1
Connection: UW_Pyramid02,UW_Pyramid05,171,143,4,4,0,2
Connection: UW_Pyramid02,UW_Pyramid03,31,5,144,31,0,0
Connection: UW_Pyramid03,UW_Pyramid07,143,20,90,70,0,1
Connection: UW_Pyramid04,UW_Pyramid06,173,151,22,8,0,0
Connection: UW_Pyramid04,UW_Pyramid05,33,9,22,30,0,2
Connection: UW_Pyramid06,UW_Pyramid08,38,32,24,6,3,3
Connection: UW_Pyramid08,UW_Pyramid09,109,103,5,3,0,2
Connection: UW_Pyramid09,UW_Pyramid10,13,29,29,3,2,3
Connection: UW_Pyramid09,UW_S03,42,27,13,27,0,2
Connection: UW_Pyramid11,UW_S04,85,68,25,10,1,3
Connection: UW_ROOTACCESS01,UW_ROOTACCESS03,95,6,3,7,3,2
Connection: UW_ROOTACCESS02,UW_ROOTACCESS04,3,17,45,8,2,0
Connection: UW_ROOTACCESS03,UW_ROOTACCESS05,39,6,31,39,3,1
Connection: UW_ROOTACCESS04,UW_ROOTSAVE,3,9,28,25,2,0
Connection: UW_ROOTACCESS04,UW_ROOTACCESS05,15,6,275,28,3,1
