DW_A01: -1446.284,3592.461,-933.4918,3894.12,2,1
DW_A02: -1282.617,3353.461,-808.1543,3561.79,2,1
DW_A03: -1206.534,3015.155,-806.5438,3393.29,2,1
DW_A04: -1426.367,3076.377,-923.2396,3435.04,2,1
DW_A05: -1283.961,2735.867,-807.2569,3012.151,2,1
DW_A06: -1282.336,2165.994,-807.3819,2482.152,2,1
DW_A07: -1282.065,1540.465,-808.9585,1991.505,2,1
DW_A08: -1426.341,1828.104,-924.0538,2355.599,2,1
DW_A09: -1352.898,1084.049,-909.5424,1705.755,2,1
DW_A10: -1649.205,963.436,-1151.54,1821.599,2,1
DW_A11: -1761.138,683.5787,-1234.54,1461.031,2,1
DW_A12: -1749.705,513.0844,-1234.67,1333.531,2,1
DW_A13: -1211.388,512.0308,-874.396,1380.329,2,1
DW_A14: -1019.389,617.0292,-621.3964,1461.328,2,1
DW_A15: -1663.945,348.9661,-1132.02,1129.474,2,1
DW_A16: -1409.388,186.0278,-1064.394,996.3279,2,1
DW_A17: -1814.441,341.1886,-1246.077,1164.75,2,1
DW_A18: -1131.388,338.0291,-744.3964,1135.329,2,1
DW_A19: -1469.989,552.2333,-1011.823,1472.474,2,1
DW_A20: -1992.576,343.4142,-1369.874,1255.464,2,1
DW_A21: -2136.136,141.5536,-1494.449,1145.986,2,1
DW_A22: -1992.919,-2.614251,-1369.706,1045.852,2,1
DW_A23: -2291.027,128.2202,-1617.799,1176.608,2,1
DW_A24: -1834.645,-106.0506,-1219.738,992.3248,2,1
DW_B01: -882.8904,720.863,-732.6876,1580.703,1,1
DW_B02: -262.7701,778.4623,-205.5664,1580.98,1,1
DW_B03: 226.2316,823.4623,134.4325,1652.98,1,1
DW_B04: 787.3193,949.0621,454.7342,1765.703,1,1
DW_B05: 1390.732,1112.297,886.9233,1857.139,1,1
DW_B06: 1919.232,1323.556,1302.61,1984.639,1,1
DW_B07: 2369.01,1412.136,1616.7,2085.068,1,1
DW_B08: 316.3072,599.3893,296.2107,1376.391,1,1
DW_B09: 316.1989,377.6756,296.2107,1253.073,1,1
DW_B10: 19.02713,436.5023,-22.75502,1253.312,1,1
DW_B11: -277.975,378.502,-135.7537,1253.312,1,1
DW_B12: -574.6202,437.1803,-453.6252,1253.375,1,1
DW_B13: -871.8705,378.4937,-565.5319,1252.844,1,1
DW_B14: -807.8965,273.7959,-574.4412,1128.693,1,1
DW_B15: -288.5472,271.6196,-351.9418,1128.251,1,1
DW_B16: 308.5107,274.3342,186.545,1128.139,1,1
DW_B17: 612.8613,438.1449,411.7588,1246.093,1,1
DW_B18: 909.7969,379.5038,727.6556,1246.401,1,1
DW_B19: 2035.748,1062.702,1322.606,1764.765,1,1
DW_B20: 2038.749,842.7037,1217.604,1576.765,1,1
DW_B21: 2029.748,521.7037,1318.606,1220.766,1,1
DW_B22: 2029.748,67.70319,1317.606,840.7657,1,1
DW_B23: 2029.748,-213.2973,1319.606,694.7657,1,1
DW_B24: 1159.231,948.082,867.342,1736.609,1,1
DW_B25: 1302.571,933.2242,989.5386,1736.626,1,1
DW_B26: 1446.571,934.2242,1109.544,1743.626,1,1
DW_B27: 778.7001,843.592,500.1319,1627.781,1,1
DW_B28: 998.6694,843.959,720.7463,1655.88,1,1
DW_B29: 1373.503,843.5342,837.7983,1609.625,1,1
DW_B30: 560.6624,700.4971,509.1504,1444.022,1,1
DW_B31: 1311.014,700.5765,841.9587,1451.12,1,1
DW_B32: 1670.644,649.5145,1167.726,1342.339,2,1
DW_B33: 760.382,273.9737,508.6115,1127.254,1,1
DW_B34: 311.2634,150.0897,228.0895,998.6097,1,1
DW_B35: -290.1888,149.292,-442.5381,972.3757,1,1
DW_B36: 608.5167,150.4631,535.6279,752.2148,1,1
DW_B37: 15.26348,23.08945,-104.9105,849.6097,1,1
DW_B38: 1617.388,981.3895,1080.608,1559.958,1,1
DW_C01: 2728.953,1082.257,2061.583,1653.474,1,1
DW_C02: 2669.181,570.853,2007.169,1213.297,1,1
DW_C03: 2609.453,58.85148,1946.955,844.0995,1,1
DW_C04: 2919.24,-86.93204,1942.886,-799.7048,0,1
DW_C05: 2546.812,-164.6259,1524.911,-853.3804,0,1
DW_C06: 1481.081,-271.0092,911.9468,-984.3997,0,1
DW_C07: 686.5009,-274.7662,577.717,-985.6151,0,1
DW_C08: 105.2431,-270.3394,287.4023,-1086.173,1,1
DW_C09: 39.24267,-274.3394,153.4025,-986.1721,0,1
DW_C10: -680.0876,-338.6317,-188.619,-1067.126,0,1
DW_C11: -1255.084,-396.6331,-743.6204,-1076.126,1,1
DW_C12: -210.4244,-563.0612,9.973931,-1203.344,0,1
DW_C13: 615.5759,-686.0607,407.9738,-1327.348,0,1
DW_C14: 1020.157,-555.3624,746.3873,-1198.874,0,1
DW_C15: 1126.83,-418.1248,836.863,-1087.965,0,1
DW_C16: 1450.565,-686.3867,902.7535,-1327.339,0,1
DW_C17: 1915.029,-539.5435,1241.231,-1195.357,0,1
DW_C18: 2249.225,-329.3051,1464.437,-1067.095,0,1
DW_D01: 2104.816,1342.625,1433.768,1069.068,0,1
DW_D02: 2105.452,1623.547,1538.043,1193.021,0,1
DW_D03: 2105.452,2019.542,1538.043,1580.021,0,1
DW_D04: 2105.452,2239.542,1536.043,1872.021,0,1
DW_D05: 1538.773,1289.723,991.9656,1089.011,0,1
DW_D06: 1033.071,1093.96,653.8233,961.787,0,1
DW_D07: 805.9102,928.1658,654.5104,757.1935,0,1
DW_D08: 806.291,765.1495,654.6561,629.3978,0,1
DW_D09: 1102.295,765.1495,775.6556,632.3978,0,1
DW_D10: 2099.337,1058.37,1433.919,939.8685,0,1
DW_D11: 1802.815,1049.625,1204.768,934.0665,0,1
DW_D12: 910.0571,601.4703,726.6675,1372.646,1,1
DW_D13: 1370.549,1102.85,1072.814,959.9427,0,1
DW_G: -1216.232,-579.1201,-716.8241,-1233.031,2,1
DW_H01: -1092.705,-759.8795,-640.922,-1469.391,2,1
DW_H02: -1272.086,-935.8419,-866.3455,-1590.286,2,1
DW_H03: -1440.64,-1280.948,-944.3458,-2029.828,2,1
DW_H04: -1439.265,-1554.411,-1054.8,-2243.34,2,1
DW_H05: -1765.697,-1756.656,-1177.938,-2428.116,2,1
DW_H06: -1357.239,-1975.79,-1057.969,-2491.651,2,1
DW_H07: -1079.265,-1796.584,-732.7042,-2337.921,2,1
DW_H08: -1079.231,-1437.004,-733.8794,-2125.605,2,1
DW_H09: -707.0356,-1337.989,-609.2761,-2033.226,2,1
DW_H10: -326.9558,-1439.755,-276.0692,-2130.765,2,1
DW_H11: -325.6289,-1788.663,-278.0343,-2343.604,2,1
DW_H12: -708.5286,-1881.594,-610.7059,-2375.932,2,1
DW_H13: -708.3409,-1626.714,-608.1471,-2244.429,2,1
DW_H14: -150.8173,-2006.597,-131.2115,-2586.439,2,1
DW_H15: -345.9544,-2244.847,-363.7177,-2718.172,2,1
DW_H16: -721.371,-2322.258,-497.7336,-2916.817,1,1
DW_H17: -1026.415,-2250.156,-732.02,-2719.632,2,1
DW_H18: -1281.08,-2173.774,-854.0969,-2693.182,2,1
DW_H19: -1589.195,-2198.594,-1059.816,-2779.026,1,1
DW_H20: -1629.602,-2615.537,-1163.086,-3144.287,1,1
DW_H21: -1274.653,-2652.269,-916.6273,-3053.609,1,1
DW_H22: -872.2048,-2720.311,-700.4849,-3138.099,1,1
DW_H23: -941.66,-2434.878,-844.5499,-2923.043,1,1
DW_H24: -454.7008,-2556.326,-358.0375,-2916.271,1,1
DW_H25: -188.2386,-2557.123,-112.7904,-2915.527,1,1
DW_H26: -377.812,-2670.967,-256.1293,-3057.161,1,1
DW_H27: -188.0372,-2671.704,-112.9666,-3056.527,1,1
DW_H28: -377.781,-2788.998,-256.1664,-3197.536,1,1
DW_H29: -187.6204,-2788.831,-113.1788,-3197.526,1,1
DW_H30: -377.9851,-2908.302,-256.3869,-3332.568,1,1
DW_H31: -187.3138,-2908.314,-113.2892,-3332.265,1,1
DW_H32: -377.7911,-3197.06,-256.3382,-3697.619,0,1
DW_H33: -570.5679,-3370.302,-384.2661,-3697.61,0,1
DW_H34: -753.8989,-3487.83,-511.5041,-3852.379,0,1
DW_H35: -1161.149,-3371.354,-941.4017,-3698.244,0,1
DW_H36: -1632.567,-3430.011,-1164.204,-3776.63,0,1
DW_H37: -1706.565,-3079.302,-1162.264,-3504.61,0,1
DW_H38: -1104.487,-3630.173,-848.3663,-3961.954,0,1
DW_S01: -1445.367,3700.711,-932.409,4022.538,2,0
DW_S02: -1570.341,1865.104,-1045.046,2349.599,2,0
DW_S03: -1412.388,291.0294,-965.3956,1121.329,2,0
DW_S04: 606.5087,274.3342,376.5462,876.1392,1,0
DW_S05: 31.20046,962.8945,106.2309,661.0181,0,0
DW_S06: 558.3721,843.6741,411.2631,1502.813,1,0
DW_S07: 2367.437,1306.889,1714.757,1960.849,1,0
DW_S08: 771.1542,-570.3624,630.3879,-1211.874,0,0
DW_S09: 938.2709,1010.701,556.0538,12.70932,2,0
DW_S10: -1322.697,-1730.657,-860.9387,-2366.116,2,0
DW_S11: -860.6592,-2496.878,-624.5499,-2920.043,1,0
DW_S12: -910.2596,-3503.76,-643.2194,-3827.21,0,0
DW_S13: -1551.705,568.4341,-964.6351,-373.4515,1,0
DW_S14: -1016.717,378.7921,-680.1262,1253.683,1,0
DW_S15: 651.3613,718.9678,540.626,628.9673,0,0
DW_S16: 2775.24,-269.9326,1828.886,-980.7039,0,0
DW_S17: -1439.084,-396.6331,-933.6215,-1076.126,1,0
DW_S18: 607.2133,274.0114,500.8236,875.8901,1,0
DW_S19: -189.4777,-1758.411,-131.6859,-2300.368,2,0
DW_S20: 1761.388,881.3895,1199.608,1459.958,1,0
DW_T01: 1468.742,1446.944,1092.484,2038.662,1,1
DW_T02: 1396.138,1723.891,888.5505,2404.474,1,1
DW_T03: 1165.847,1560.563,888.2687,2181.308,1,1
DW_U01: 1181.967,552.6238,564.3265,-438.0888,2,1
DW_U02: 515.1965,553.5967,120.1586,-440.3528,2,1
DW_U03: 941.5292,683.9385,453.968,-312.8164,2,1
DW_U04: 938.2703,846.7015,556.0538,-190.2906,2,1
DW_U05: 593.0192,378.2007,322.5547,-662.0632,2,1
DW_U06: 356.8029,213.7155,101.0498,-767.6718,2,1
DW_U07: 59.88503,271.981,-121.746,-671.9348,2,1
DW_U08: -132.0548,377.002,-249.7563,-545.8051,2,1
DW_U09: 38.12578,559.2123,-108.0064,-440.014,2,1
DW_U10: -471.9334,559.3409,-610.7689,-439.816,2,1
DW_U11: -142.9341,679.3409,-205.7684,-315.8153,2,1
DW_U12: -1331.659,462.0294,-847.9719,-582.2341,1,1
DW_U13: -1551.705,405.4341,-963.6351,-581.4545,1,1
DW_U14: -711.1075,301.9713,-619.6085,-680.9548,2,1
DW_U15: -1255.445,124.6905,-743.5715,-878.1694,1,1
DW_U16: 145.3546,743.7278,316.4947,-311.4612,2,1
DW_W01: 338.5839,81.24692,340.4712,-69.66673,0,1
DW_W02: 41.5841,22.24634,12.47046,-70.66669,0,1
DW_W03: -255.1416,80.87192,-112.4293,-67.61582,0,1
DW_W04: -179.1413,302.873,-116.4293,177.3848,0,1
DW_W05: 194.7885,419.5394,101.1189,290.0973,0,1
DW_W06: -102.1814,524.5693,-19.30589,375.3856,0,1
DW_W07: 568.5532,419.3295,422.9795,286.6085,0,1
DW_W08: 204.0001,746.7148,226.0713,591.7585,0,1
DW_W09: -102.3064,746.7148,-13.86804,592.6136,0,1
DW_W10: 51.43107,968.7217,6.288383,813.748,0,1
DW_W11: 51.05385,1131.646,112.798,1004.636,0,1
DW_W12: 805.7357,601.6094,655.8337,425.2461,0,1
DW_W13: 50.20081,698.8948,106.2307,534.0181,0,1
DW_W14: 153.9865,581.9839,352.9415,520.0936,0,1
DW_W15: 203.0093,252.7612,13.29667,49.29323,0,1
DW_W16: 144.0732,646.483,351.3324,644.8326,1,1
GATE_SL_DW: -1424.487,-3624.173,-971.366,-3959.954,0,0
GATE_SS_DW: -1623.284,3586.461,-1069.487,3890.12,2,0
OffScreenDen_DW: -1463.284,3742.461,-1204.487,3889.12,1,1
Connection: DW_A01,DW_S01,11,28,29,11,1,2
Connection: DW_A01,GATE_SS_DW,2,7,45,9,2,0
Connection: DW_A01,DW_A02,45,7,3,164,0,2
Connection: DW_A02,DW_A04,3,13,45,28,2,0
Connection: DW_A03,DW_A04,2,27,45,6,2,0
Connection: DW_A03,DW_A05,2,6,3,145,2,2
Connection: DW_A05,DW_A06,6,2,3,222,2,2
Connection: DW_A06,DW_A08,3,11,45,28,2,0
Connection: DW_A07,DW_A08,3,179,45,6,2,0
Connection: DW_A07,DW_A09,3,7,52,109,2,2
Connection: DW_A08,DW_S02,2,6,34,9,2,3
Connection: DW_A09,DW_A10,3,12,93,15,2,0
Connection: DW_A10,DW_A11,5,14,3,147,2,2
Connection: DW_A11,DW_A12,45,46,43,33,0,0
Connection: DW_A11,DW_A19,83,51,5,21,3,2
Connection: DW_A11,DW_A20,3,9,43,103,2,0
Connection: DW_A12,DW_A13,96,13,3,15,0,2
Connection: DW_A12,DW_A15,78,20,24,71,3,1
Connection: DW_A13,DW_A14,97,23,23,2,0,3
Connection: DW_A13,DW_A17,61,30,9,31,2,1
Connection: DW_A13,DW_A18,90,2,37,31,3,1
Connection: DW_A14,DW_B01,23,32,79,5,1,3
Connection: DW_A15,DW_U12,40,47,5,34,0,2
Connection: DW_A15,DW_A17,2,27,43,10,2,0
Connection: DW_A15,DW_A16,26,2,4,19,3,2
Connection: DW_A16,DW_S03,77,31,27,4,1,3
Connection: DW_A16,DW_A18,145,22,15,5,0,3
Connection: DW_A16,DW_A24,45,9,39,17,3,0
Connection: DW_A18,DW_U12,10,26,95,26,2,0
Connection: DW_A19,DW_U12,27,3,35,33,3,1
Connection: DW_A20,DW_A21,4,6,43,54,2,0
Connection: DW_A20,DW_A22,43,5,43,68,0,0
Connection: DW_A21,DW_A23,4,40,44,25,2,0
Connection: DW_A21,DW_A22,43,19,4,67,0,2
Connection: DW_A22,DW_A24,43,5,3,20,0,2
Connection: DW_B01,DW_B02,242,6,15,7,3,3
Connection: DW_B02,DW_B03,139,51,8,13,1,1
Connection: DW_B03,DW_B04,141,10,22,11,0,3
Connection: DW_B03,DW_B08,104,2,23,65,3,1
Connection: DW_B04,DW_B24,188,8,12,5,3,3
Connection: DW_B05,DW_T01,117,70,14,3,1,3
Connection: DW_B05,DW_B06,187,54,20,9,1,3
Connection: DW_B05,DW_B38,175,51,22,64,3,1
Connection: DW_B05,DW_D11,138,15,4,9,0,2
Connection: DW_B05,DW_D09,23,6,62,29,3,1
Connection: DW_B06,DW_B07,137,57,9,5,3,3
Connection: DW_B06,DW_D13,91,11,38,22,3,0
Connection: DW_B06,DW_B19,132,15,39,60,0,0
Connection: DW_B07,DW_S07,74,5,23,22,3,1
Connection: DW_B07,DW_C01,140,5,28,139,3,2
Connection: DW_B08,DW_B09,23,4,23,32,3,1
Connection: DW_B09,DW_B10,2,17,147,17,2,0
Connection: DW_B09,DW_B17,45,17,2,17,0,2
Connection: DW_B09,DW_B16,23,2,78,30,3,1
Connection: DW_B10,DW_B11,2,17,45,17,2,0
Connection: DW_B11,DW_B12,2,17,147,17,2,0
Connection: DW_B11,DW_B15,23,2,128,31,3,1
Connection: DW_B12,DW_B13,2,17,45,17,2,0
Connection: DW_B12,DW_B15,71,2,26,31,3,1
Connection: DW_B13,DW_S14,5,17,36,17,2,0
Connection: DW_B13,DW_B14,23,2,27,30,3,1
Connection: DW_B14,DW_B15,92,11,6,12,0,2
Connection: DW_B15,DW_B16,244,12,6,11,0,2
Connection: DW_B15,DW_B35,6,5,6,26,2,2
Connection: DW_B16,DW_B17,134,30,24,2,1,3
Connection: DW_B16,DW_S18,143,21,7,2,0,2
Connection: DW_B16,DW_B33,143,14,11,14,0,2
Connection: DW_B16,DW_S04,143,11,7,11,0,2
Connection: DW_B16,DW_B35,6,4,244,26,2,0
Connection: DW_B16,DW_B34,143,4,143,26,0,0
Connection: DW_B17,DW_B30,12,71,4,3,1,3
Connection: DW_B17,DW_B18,147,17,2,17,0,2
Connection: DW_B18,DW_D12,23,32,23,4,1,3
Connection: DW_B18,DW_B33,23,2,125,30,3,1
Connection: DW_B19,DW_B20,22,4,71,67,3,1
Connection: DW_B20,DW_B21,70,6,22,98,0,0
Connection: DW_B21,DW_B22,25,5,25,147,2,2
Connection: DW_B22,DW_B23,25,4,22,32,2,0
Connection: DW_B24,DW_B25,45,20,2,25,0,2
Connection: DW_B24,DW_D09,40,3,133,25,3,1
Connection: DW_B25,DW_B26,45,25,6,23,0,2
Connection: DW_B26,DW_B38,45,24,2,28,0,2
Connection: DW_B26,DW_B29,38,7,88,32,3,1
Connection: DW_B27,DW_S06,2,28,20,17,2,1
Connection: DW_B27,DW_B28,96,9,2,9,0,2
Connection: DW_B27,DW_B30,1,3,62,30,3,1
Connection: DW_B28,DW_B29,45,9,4,29,0,2
Connection: DW_B28,DW_B31,45,2,23,32,0,1
Connection: DW_B30,DW_B31,96,26,3,26,1,1
Connection: DW_B31,DW_B38,142,31,4,9,1,2
Connection: DW_B31,DW_B32,134,12,6,29,0,2
Connection: DW_B32,DW_U01,6,5,193,31,3,1
Connection: DW_B33,DW_B36,11,6,6,26,2,2
Connection: DW_B34,DW_B35,6,17,244,17,2,0
Connection: DW_B34,DW_B37,6,9,41,27,2,0
Connection: DW_B34,DW_W01,143,9,41,65,0,0
Connection: DW_B35,DW_B37,244,9,41,31,0,0
Connection: DW_B36,DW_W01,9,13,40,69,3,0
Connection: DW_B38,DW_S20,39,15,10,15,0,1
Connection: DW_C01,DW_D01,25,134,138,9,2,3
Connection: DW_C01,DW_D10,28,126,147,18,1,0
Connection: DW_C01,DW_C02,15,7,34,185,1,1
Connection: DW_C02,DW_C03,4,4,33,146,3,2
Connection: DW_C03,DW_C05,16,5,124,4,2,3
Connection: DW_C04,DW_C05,7,3,197,22,3,0
Connection: DW_C05,DW_C18,2,3,25,63,2,2
Connection: DW_C05,DW_S16,176,4,24,22,3,1
Connection: DW_C06,DW_C07,4,24,145,24,2,0
Connection: DW_C06,DW_C15,113,4,143,27,2,0
Connection: DW_C06,DW_C17,242,6,77,26,0,1
Connection: DW_C07,DW_C09,7,24,196,24,2,0
Connection: DW_C07,DW_C15,82,2,4,27,3,2
Connection: DW_C08,DW_C09,29,11,132,12,0,2
Connection: DW_C09,DW_C10,7,24,141,63,2,0
Connection: DW_C09,DW_C12,132,2,193,28,3,0
Connection: DW_C10,DW_C11,4,16,32,12,2,0
Connection: DW_C10,DW_C12,132,3,33,31,3,1
Connection: DW_C11,DW_U15,24,25,21,3,1,3
Connection: DW_C11,DW_S17,16,12,29,17,2,0
Connection: DW_C11,DW_G,24,2,11,19,3,1
Connection: DW_C12,DW_C13,188,6,9,28,0,2
Connection: DW_C13,DW_C14,192,30,21,6,0,3
Connection: DW_C13,DW_C16,181,22,8,22,0,2
Connection: DW_C14,DW_C15,72,24,31,5,1,3
Connection: DW_C14,DW_S08,4,19,39,24,2,0
Connection: DW_C14,DW_C16,72,16,3,30,3,2
Connection: DW_C16,DW_C17,183,28,19,2,0,3
Connection: DW_C17,DW_C18,96,20,24,14,0,3
Connection: DW_D01,DW_D02,71,32,20,2,1,3
Connection: DW_D01,DW_D05,6,8,141,45,3,0
Connection: DW_D01,DW_D10,75,3,81,24,3,1
Connection: DW_D02,DW_D03,20,148,20,2,1,3
Connection: DW_D03,DW_D04,27,109,27,3,0,0
Connection: DW_D05,DW_D13,20,8,25,31,3,1
Connection: DW_D05,DW_D10,142,19,10,29,0,1
Connection: DW_D06,DW_D13,172,9,4,6,0,2
Connection: DW_D06,DW_D07,27,2,27,71,3,1
Connection: DW_D07,DW_D08,18,2,27,32,3,1
Connection: DW_D08,DW_S15,7,18,32,17,2,1
Connection: DW_D08,DW_D09,41,14,2,14,0,2
Connection: DW_D08,DW_W12,27,5,27,70,3,1
Connection: DW_D09,DW_D12,74,2,23,65,3,1
Connection: DW_D10,DW_D11,5,8,42,11,2,0
Connection: DW_G,DW_H01,45,9,19,61,0,1
Connection: DW_H01,DW_H02,16,4,89,24,3,0
Connection: DW_H02,DW_H03,6,16,18,182,2,1
Connection: DW_H03,DW_H04,19,10,74,28,2,1
Connection: DW_H04,DW_H05,5,68,30,107,2,1
Connection: DW_H04,DW_H08,145,66,11,7,0,2
Connection: DW_H04,DW_H07,144,4,12,68,0,1
Connection: DW_H04,DW_S10,84,2,11,19,3,2
Connection: DW_H05,DW_H06,34,5,2,27,0,2
Connection: DW_H06,DW_H07,183,32,14,5,1,3
Connection: DW_H06,DW_H19,23,4,24,102,3,1
Connection: DW_H06,DW_H18,126,4,24,61,3,1
Connection: DW_H07,DW_H13,43,63,5,23,0,2
Connection: DW_H07,DW_H12,45,16,5,9,0,2
Connection: DW_H08,DW_H09,44,71,3,21,0,2
Connection: DW_H08,DW_H13,44,9,4,57,0,2
Connection: DW_H09,DW_H13,137,16,122,67,3,1
Connection: DW_H10,DW_H13,8,43,146,61,3,0
Connection: DW_H10,DW_H11,12,6,5,67,2,2
Connection: DW_H11,DW_H13,2,49,140,8,2,0
Connection: DW_H11,DW_H14,43,7,3,99,0,2
Connection: DW_H12,DW_H13,137,30,111,2,1,3
Connection: DW_H14,DW_S19,17,109,30,9,1,3
Connection: DW_H14,DW_H15,16,3,132,30,3,1
Connection: DW_H15,DW_H16,7,20,26,137,2,3
Connection: DW_H16,DW_H17,21,137,94,18,3,0
Connection: DW_H16,DW_H23,5,56,93,55,2,0
Connection: DW_H16,DW_H22,21,6,128,67,3,1
Connection: DW_H17,DW_H18,4,17,42,11,2,0
Connection: DW_H19,DW_H20,40,8,79,145,3,1
Connection: DW_H20,DW_H21,94,52,5,17,0,2
Connection: DW_H20,DW_H22,96,23,6,24,0,2
Connection: DW_H20,DW_H37,18,7,21,145,3,1
Connection: DW_H21,DW_H22,94,9,5,51,0,2
Connection: DW_H22,DW_H23,31,69,13,3,1,3
Connection: DW_H22,DW_H24,145,15,21,3,0,3
Connection: DW_H23,DW_S11,43,11,9,12,0,2
Connection: DW_H24,DW_H25,92,17,3,17,0,2
Connection: DW_H25,DW_H27,23,3,23,31,3,1
Connection: DW_H26,DW_H27,43,17,3,17,0,2
Connection: DW_H26,DW_H28,23,3,23,31,3,1
Connection: DW_H27,DW_H29,23,3,23,31,3,1
Connection: DW_H28,DW_H29,43,17,3,17,0,2
Connection: DW_H29,DW_H31,23,3,23,31,3,1
Connection: DW_H30,DW_H31,43,17,3,17,0,2
Connection: DW_H30,DW_H32,22,3,21,140,3,1
Connection: DW_H32,DW_H33,2,6,45,6,2,0
Connection: DW_H33,DW_H34,3,6,43,84,2,0
Connection: DW_H34,DW_H35,4,84,197,6,2,0
Connection: DW_H34,DW_S12,13,25,29,9,2,3
Connection: DW_H34,DW_H38,4,7,143,15,2,0
Connection: DW_H35,DW_H36,2,6,96,45,2,0
Connection: DW_H36,DW_H37,27,71,26,4,1,3
Connection: DW_H38,GATE_SL_DW,7,11,45,9,2,0
Connection: DW_S05,DW_W13,37,12,24,32,0,1
Connection: DW_S09,DW_U04,23,5,24,69,3,1
Connection: DW_S13,DW_U13,26,18,24,70,2,1
Connection: DW_T01,DW_T02,33,146,134,7,1,3
Connection: DW_T02,DW_T03,24,6,24,29,3,1
Connection: DW_U01,DW_U03,64,31,119,7,1,3
Connection: DW_U01,DW_U02,4,23,184,18,2,0
Connection: DW_U02,DW_U03,178,31,11,7,1,3
Connection: DW_U02,DW_U09,19,10,94,8,1,0
Connection: DW_U02,DW_U05,126,2,24,68,3,1
Connection: DW_U03,DW_U04,74,32,24,5,1,3
Connection: DW_U03,DW_U16,2,18,44,18,2,0
Connection: DW_U05,DW_U06,9,15,89,68,3,1
Connection: DW_U06,DW_U07,9,68,85,29,1,1
Connection: DW_U07,DW_U08,10,30,74,2,1,3
Connection: DW_U08,DW_U10,14,28,195,3,1,3
Connection: DW_U08,DW_U09,74,30,3,4,1,3
Connection: DW_U09,DW_U11,3,28,38,8,1,3
Connection: DW_U10,DW_U11,195,27,9,8,1,3
Connection: DW_U10,DW_U12,10,29,88,100,2,0
Connection: DW_U12,DW_U13,2,27,35,9,2,0
Connection: DW_U12,DW_U14,95,17,6,67,0,2
Connection: DW_U14,DW_U15,11,6,31,104,2,0
Connection: DW_U16,DW_W16,23,3,23,26,3,1
Connection: DW_W01,DW_W02,7,4,142,4,2,0
Connection: DW_W02,DW_W03,7,4,40,4,2,0
Connection: DW_W03,DW_W04,7,69,6,46,2,3
Connection: DW_W04,DW_W05,94,58,6,20,3,2
Connection: DW_W05,DW_W08,90,67,25,4,1,3
Connection: DW_W05,DW_W06,5,53,43,27,2,0
Connection: DW_W05,DW_W07,143,48,12,48,1,1
Connection: DW_W06,DW_W09,22,69,22,4,1,3
Connection: DW_W06,DW_W15,37,7,5,28,0,1
Connection: DW_W07,DW_W14,5,70,95,17,1,0
Connection: DW_W07,DW_W12,91,55,11,8,0,2
Connection: DW_W07,DW_W15,17,7,145,21,3,0
Connection: DW_W08,DW_W10,3,62,105,8,2,2
Connection: DW_W08,DW_W13,3,30,37,26,2,0
Connection: DW_W09,DW_W10,43,57,43,8,0,0
Connection: DW_W09,DW_W13,43,29,11,26,0,2
Connection: DW_W10,DW_W11,62,64,11,14,0,0
Connection: DW_W13,DW_W14,24,21,7,28,3,1
Connection: DW_W14,DW_W16,74,28,38,8,1,0
