AR_A01: 2984.103,1182.008,1420.615,2209.789,1,1
AR_A02: 2760.103,1181.008,1191.615,2206.789,1,1
AR_A03: 2749.103,1287.009,1247.615,2342.789,1,1
AR_A04: 2535.103,1116.009,1078.615,2101.789,1,1
AR_A05: 2497.103,944.0081,1081.615,1960.787,1,1
AR_A06: 2675.103,1458.009,1143.615,2480.789,1,1
AR_A07: 2770.103,1471.009,1248.615,2674.789,2,1
AR_A08: 2274.103,944.0081,867.6133,1960.787,1,1
AR_B01: 1894.105,879.007,553.6125,1891.787,1,1
AR_B02: 1516.105,851.007,341.6134,1899.787,1,1
AR_B03: 1438.105,785.0073,343.6134,1789.787,2,1
AR_B04: 1350.105,772.007,234.6133,1760.787,1,1
AR_B05: 1001.103,711.007,124.6125,1669.787,1,1
AR_B06: 1005.103,919.007,124.6126,1897.787,1,1
AR_B07: 748.1033,918.007,-100.3876,1882.787,1,1
AR_B08: 349.1036,897.007,-334.3866,1874.787,1,1
AR_B09: -185.8965,832.0073,-551.3875,1779.787,1,1
AR_B10: -404.8967,970.0081,-664.3875,2433.789,1,1
AR_B11: -998.8962,977.0081,-889.3875,2436.789,1,1
AR_B12: -1512.895,1045.009,-1113.386,2366.789,1,1
AR_B13: -1437.895,481.0076,-1118.386,1786.787,1,1
AR_B14: -1668.895,277.0069,-3150.386,740.7894,1,1
AR_B15: -185.8965,1035.009,-539.3875,2539.789,1,1
AR_B16: 118.1034,973.0081,-305.3866,2434.789,1,1
AR_B17: -185.8965,941.0081,-1208.386,1389.787,2,1
AR_B18: -403.8967,875.007,-1314.386,1282.787,2,1
AR_B19: -869.8959,968.0081,-1423.386,1419.787,2,1
AR_B20: -1018.896,901.007,-1533.386,1313.787,2,1
AR_B21: -1017.896,1070.009,-1534.386,1520.787,2,1
AR_B22: -890.8959,397.0066,-763.3875,2076.789,2,1
AR_B23: -1063.895,306.0077,-884.3875,2053.788,2,1
AR_B24: -1512.895,966.0081,-1113.386,2208.789,2,1
AR_B25: 463.1036,702.007,-98.38769,1677.787,1,1
AR_B26: 976.1033,508.0081,63.61229,1551.787,1,1
AR_B27: -871.8959,827.0073,-1423.386,1276.787,2,1
AR_B28: -1153.895,964.0081,-1643.386,1376.787,2,1
AR_B29: 272.1033,-194.9921,2059.614,306.7895,0,1
AR_B30: 514.1033,897.007,-217.3864,1874.787,1,1
AR_B31: 1465.105,-922.993,2509.614,-41.20982,2,1
AR_B32: 1318.103,-1108.992,-607.3875,-2381.211,2,1
AR_B33: -2228.897,20.00808,-2348.386,-1266.213,2,1
AR_B34: -2016.897,-488.9927,-2193.386,-1393.213,2,1
AR_B35: -1364.895,-984.9927,-1974.386,-2254.211,2,1
AR_B36: -1062.895,-1159.992,-1745.386,-2430.211,2,1
AR_B37: -1612.895,-1242.992,-2203.386,-2488.211,2,1
AR_B38: -2065.896,-1235.992,-2547.386,-2483.211,2,1
AR_B39: 1176.105,-255.9917,107.6126,644.7899,2,1
AR_B40: 1178.105,19.00861,106.6124,782.7902,2,1
AR_B41: 978.1036,22.0076,-11.38708,803.7899,2,1
AR_B42: -911.8959,584.007,-762.3875,2295.789,2,1
AR_B43: -1079.895,608.007,-886.3875,2294.789,2,1
AR_C01: -599.8964,770.007,-782.3875,1785.787,1,1
AR_C02: -586.8964,309.0066,-883.3875,1647.787,1,1
AR_C03: -891.8959,375.0066,-1001.388,1630.787,1,1
AR_C04: -276.8964,309.0066,-556.3875,1630.787,1,1
AR_C05: -897.8959,722.0069,-763.3875,1926.787,2,1
AR_C06: -699.8967,289.0077,-1322.386,1117.787,0,1
AR_C07: -1044.895,301.0066,-1119.386,1627.787,1,1
AR_D01: -1426.895,78.00651,-2933.386,740.7899,1,1
AR_D02: -1277.895,54.00646,-2524.386,627.7899,1,1
AR_D03: -424.896,173.0079,-1331.386,923.7899,1,1
AR_D04: -441.8961,-82.99277,-1180.386,418.7895,1,1
AR_D05: -1194.895,-230.9915,-2520.386,199.7907,1,1
AR_D06: -123.8967,-300.9916,-731.3875,539.7894,1,1
AR_D07: 102.1033,171.0079,-900.3867,924.7902,1,1
AR_D08: 104.1031,367.0073,-898.3875,1066.787,1,1
AR_D09: -1423.895,-198.9918,-2896.386,205.7907,1,1
AR_D10: -1552.895,15.00671,-3037.386,351.7895,2,1
AR_D11: -1422.895,189.0079,-2933.386,574.7899,2,1
AR_D12: -1737.895,192.0067,-3039.386,574.7899,2,1
AR_D13: -1281.895,-5.992977,-2782.386,384.7895,2,1
AR_D14: -617.8964,-65.99277,-1296.386,511.7902,1,1
AR_D15: -618.8964,40.00646,-2375.386,752.7899,2,1
AR_D16: -1009.896,238.0067,-1546.386,1073.787,0,1
AR_D17: -1237.895,74.00651,-2364.386,525.7899,0,1
AR_D18: -409.8967,309.0066,-1162.386,1042.787,0,1
AR_D19: -233.8964,310.0066,-1038.386,1073.787,0,1
AR_D20: 143.1036,-481.9917,-399.3866,546.7894,1,1
AR_D21: -1033.895,-73.99277,-2384.386,403.7895,1,1
AR_D22: -951.8959,-188.9918,-2264.386,230.7907,1,1
AR_D23: -779.8956,-135.9919,-2120.386,204.7907,1,1
AR_D24: -187.8967,-56.99282,-562.3875,1270.787,1,1
AR_D25: -263.8964,164.0067,-556.3875,1399.787,0,1
AR_D26: -617.8964,-195.9918,-1992.386,246.7907,1,1
AR_D27: 727.1034,-484.9924,-266.3866,548.7894,2,1
AR_D28: 1015.103,-494.9924,-23.38721,526.7894,2,1
AR_D29: -672.8967,48.00747,-2070.386,552.7899,1,1
AR_D30: 508.1033,366.0073,-673.3875,1050.787,1,1
AR_D31: 636.1033,331.0073,-472.3869,925.7899,2,1
AR_D32: -718.8964,146.0079,-1948.386,823.7899,0,1
AR_D33: -883.8959,182.0079,-2085.386,867.7899,0,1
AR_D34: -899.8959,76.00739,-2111.386,742.7899,0,1
AR_D35: -1044.895,88.00739,-2238.386,754.7899,0,1
AR_D36: 1171.103,-524.9927,109.6124,510.7902,2,1
AR_E01: 183.1035,284.0079,1331.614,611.7899,2,1
AR_E02: 211.1038,41.00747,1472.614,481.7895,2,1
AR_E03: 196.1035,-111.9915,-516.3875,808.7899,2,1
AR_E04: 453.1036,-235.9918,-397.3866,797.7899,2,1
AR_E05: 662.1036,-38.99192,-183.3862,977.7899,2,1
AR_E06: 900.1036,507.0081,-117.3875,1213.787,2,1
AR_E07: 980.1036,263.0077,-7.3872,962.7899,2,1
AR_E08: 1646.105,334.0073,103.6124,1094.787,0,1
AR_E09: 1187.103,1069.008,1951.614,944.7894,2,1
AR_E10: 1039.105,1045.008,1832.614,944.7894,2,1
AR_E11: 813.1036,1082.008,1618.614,936.7899,2,1
AR_E12: 954.1038,1248.008,1808.614,1080.787,2,1
AR_E13: -129.8966,267.0066,1102.614,646.7899,2,1
AR_E14: -69.89626,177.0076,1176.614,455.7895,2,1
AR_E15: 420.1036,16.0076,-303.3863,1089.787,2,1
AR_E16: 676.1033,547.007,496.6137,909.7896,2,1
AR_E17: 727.1033,1239.009,1618.614,1079.787,2,1
AR_E18: 556.1036,1175.008,1486.614,971.7899,2,1
AR_E19: 546.1036,1350.008,1484.614,1224.787,2,1
AR_E20: 452.1036,1173.008,1306.614,1104.787,2,1
AR_E21: 454.1036,553.007,1308.614,807.7899,2,1
AR_E22: 305.1036,1136.008,1344.614,943.7899,2,1
AR_E23: 158.1034,1137.008,1170.614,942.7899,2,1
AR_E24: 136.1036,1214.009,1151.614,1170.787,2,1
AR_E25: 55.10364,1225.008,1699.615,-243.2093,0,1
AR_E26: 1.103414,1509.007,803.613,931.7894,2,1
AR_E27: -193.8968,546.007,1020.613,950.7899,2,1
AR_E28: 44.10363,1020.008,1701.615,-509.2106,0,1
AR_E29: 36.10373,1539.008,692.613,1129.787,1,1
AR_E30: 82.10393,1795.008,910.613,1336.787,2,1
AR_E31: -34.89645,1795.007,800.613,1345.787,2,1
AR_E32: 3.103516,1904.008,804.613,1487.787,2,1
AR_E33: 43.10363,2082.006,855.613,1620.787,2,1
AR_E34: 55.10374,1115.008,1700.615,-371.2102,0,1
AR_F01: 181.1035,-184.9915,2320.614,-776.2101,1,1
AR_F02: 358.1036,-208.9915,2451.614,-792.2101,1,1
AR_F03: 775.1041,-268.9916,2587.614,-872.2106,1,1
AR_F04: 838.1041,-694.992,2991.614,-1500.213,1,1
AR_F05: 592.1041,-971.9919,2643.614,-1838.213,1,1
AR_F06: 682.1041,-265.9921,2590.614,-995.2126,0,1
AR_F07: 805.1041,-270.992,2728.614,-995.2126,0,1
AR_F08: 820.1041,-972.992,2777.614,-1964.213,2,1
AR_F09: 770.1041,-954.9919,3651.614,-1705.213,0,1
AR_F10: 770.1041,-1120.991,3657.614,-1848.213,0,1
AR_F11: 568.1038,-1122.991,3418.614,-1848.213,0,1
AR_F12: 361.104,-1123.991,3283.614,-1850.213,0,1
AR_F13: 408.104,-1005.99,3283.614,-1709.213,0,1
AR_F14: 376.104,-896.992,3282.614,-1540.213,0,1
AR_F15: 494.104,-894.9919,3426.614,-1536.213,0,1
AR_F16: 480.104,-736.992,2739.614,-1497.213,1,1
AR_F17: -84.89596,-694.992,2590.614,-1500.213,1,1
AR_F18: -88.89596,-285.9917,2586.614,-1256.213,0,1
AR_F19: 719.1041,-812.992,2644.614,-1962.213,2,1
AR_F20: 607.1036,-480.9931,-533.3875,-1384.213,1,1
AR_F21: 703.1041,-963.992,3527.614,-1690.213,0,1
AR_F22: 717.1041,-1513.991,3858.614,-1997.213,2,1
AR_F23: 387.104,-1501.991,3281.614,-1989.213,2,1
AR_F24: 805.1041,-902.992,3676.614,-1563.213,0,1
AR_F25: 838.504,-481.6596,-407.3229,-1386.295,1,1
AR_G01: -1854.895,-0.9919136,-2117.386,-1261.213,2,1
AR_G02: -2079.897,-6.992872,-2233.386,-1265.213,2,1
AR_G03: -1381.895,-509.9919,-2075.385,-1424.213,2,1
AR_G04: -1449.897,-510.9927,-2017.386,-1548.213,1,1
AR_G05: -1059.895,-864.9927,-1742.386,-2143.213,2,1
AR_G06: -1209.895,-801.9919,-1857.386,-2128.213,2,1
AR_G07: -1212.895,-1096.992,-1861.386,-2322.211,2,1
AR_G08: -1062.895,-1091.992,-1631.386,-2230.211,1,1
AR_G09: -766.8964,-1104.992,-1509.386,-2302.211,2,1
AR_G10: -675.8964,-1019.992,-1389.386,-2301.211,2,1
AR_G11: -1236.897,-1266.992,-1865.386,-2508.211,2,1
AR_G12: -1385.895,-1286.991,-1982.386,-2522.211,2,1
AR_G13: -1839.895,-1251.993,-2325.386,-2486.211,2,1
AR_G14: -915.8964,-1142.992,-1630.386,-2354.211,2,1
AR_G15: -1031.897,-508.9927,-1741.386,-1404.213,2,1
AR_G16: -1385.895,-1410.992,-1977.386,-2639.211,2,1
AR_G17: -1236.895,-1446.992,-1862.386,-2664.211,2,1
AR_G18: -779.8962,-1310.992,-1630.386,-2472.211,2,1
AR_G19: -313.8961,-1225.993,-1405.386,-2441.211,2,1
AR_G20: 45.10404,-1203.991,-1075.386,-2422.211,2,1
AR_G21: 868.1041,-1255.991,-931.3875,-2498.211,2,1
AR_G22: 1544.105,-1193.991,-491.3863,-2393.211,2,1
AR_G23: 867.1036,-1388.992,4029.614,-1851.213,2,1
AR_G24: 865.1041,-1515.991,4031.614,-1998.213,2,1
AR_G25: 935.1041,-1632.991,4155.611,-2130.213,2,1
AR_G26: 1204.106,-1521.992,4282.611,-2117.213,2,1
AR_G27: 1175.105,-1315.991,-723.3875,-2640.211,2,1
AR_G28: -2149.896,-1410.992,-2551.386,-2695.211,2,1
AR_G29: -2375.896,-1479.992,-2772.386,-2724.211,2,1
AR_G30: -2601.897,-1482.992,-2886.386,-2709.211,2,1
AR_G31: -554.8964,-1332.992,-1527.386,-2595.211,2,1
AR_H01: -693.8964,-534.9927,-1624.386,-1422.213,2,1
AR_H02: -251.8964,-586.993,-1313.386,-1694.213,2,1
AR_H03: -563.8967,-754.9927,-1632.386,-1729.213,2,1
AR_H04: -564.8967,-906.993,-1630.386,-1869.213,2,1
AR_H05: -313.8964,-1115.992,-1479.386,-1967.213,2,1
AR_H06: 65.10364,-739.993,-1029.386,-1804.213,2,1
AR_H07: -251.8963,-875.993,-1315.386,-1832.213,2,1
AR_H08: -283.8964,-180.993,-1061.386,-1265.213,2,1
AR_H09: -415.8964,-782.993,-1454.386,-1652.213,2,1
AR_H10: -87.89623,-779.993,-1165.386,-1685.213,2,1
AR_H11: -275.8964,37.00668,-1060.386,-984.2106,2,1
AR_H12: -23.89648,-549.993,-1165.386,-1513.213,2,1
AR_H13: 411.1036,-561.9931,-783.3875,-1501.213,1,1
AR_H14: -407.8967,-677.9927,-1464.386,-1782.213,2,1
AR_H15: -353.8964,-781.9927,-898.3875,-1672.213,0,1
AR_H16: 95.10356,-636.993,-779.3875,-1677.213,0,1
AR_H17: -325.8961,-74.99329,-1059.386,-1120.213,2,1
AR_H18: -651.8967,-325.9931,-1308.386,-1271.213,2,1
AR_H19: -217.8966,-278.993,-926.3875,-1267.213,2,1
AR_I01: -71.89596,37.00786,1828.615,568.7899,0,1
AR_I02: 305.104,41.00768,1945.615,556.7899,0,1
AR_I03: 594.1041,27.00673,2062.614,561.7899,0,1
AR_I04: 933.1041,-39.99332,2283.614,464.7902,0,1
AR_I05: 871.1041,133.007,2280.614,694.7899,0,1
AR_I06: 983.1041,132.007,2395.614,695.7899,0,1
AR_I07: 1224.105,-6.99229,2513.614,564.7899,0,1
AR_I08: 1164.105,-97.99329,2513.614,443.7902,0,1
AR_I09: 389.1033,-89.99329,2062.614,436.7902,0,1
AR_I10: 1164.105,-213.993,2281.614,304.7895,0,1
AR_I11: 1319.105,-744.993,2392.614,74.79022,2,1
AR_I12: 1330.105,-240.993,2393.614,288.7895,0,1
AR_I13: 1477.105,-262.993,2506.614,277.7895,0,1
AR_R01: -234.8966,1118.008,1545.615,-276.2098,0,1
AR_R02: -422.8964,1086.008,1423.615,-484.2098,0,1
AR_R03: -276.8964,1225.008,1545.615,-162.2091,0,1
AR_R04: -185.8969,970.007,1541.615,-608.2098,0,1
AR_R05: -570.8967,931.007,1309.615,-507.2102,0,1
AR_R06: -89.89644,1094.008,1540.615,-482.2098,0,1
AR_R07: -716.8967,878.007,1198.615,-514.2098,0,1
AR_S01: 2604.103,1287.009,1131.615,2345.789,1,0
AR_S02: 1038.103,690.007,188.6133,1550.787,2,0
AR_S03: -1443.895,296.0066,-2929.386,894.7899,1,0
AR_S04: 432.1036,188.0076,-679.3867,924.7902,1,0
AR_S05: -101.8965,-910.993,-1186.386,-1824.213,2,0
AR_S06: -254.8964,-437.9916,-715.3875,421.7895,1,0
AR_S07: -354.8964,528.0069,1019.612,1088.787,2,0
AR_S08: -1044.895,1035.009,-1539.386,1661.787,2,0
AR_S09: 788.1036,408.0076,1482.614,1353.787,1,0
AR_S10: -904.8959,-863.992,-1629.386,-2122.213,2,0
AR_S11: 646.1036,-399.9931,-521.3875,-1260.213,1,0
AR_S12: 164.1032,-55.99332,1941.615,433.7898,0,0
AR_S13: 53.10357,-138.9915,-637.3875,792.7894,2,0
AR_S14: -1038.894,464.0076,-885.3875,2169.789,2,0
AR_S15: 580.1041,-1003.991,3398.614,-1684.213,0,0
AR_S16: 78.10404,-1311.991,-1054.386,-2554.211,2,0
AR_S17: 1152.228,-203.0716,3029.274,-790.8489,1,0
AR_S18: -1574.772,65.92825,-3169.726,454.1509,2,0
GATE_SB_AR: 1717.105,-1299.993,-269.3863,-2393.211,2,0
GATE_SI_AR: 3130.103,1200.008,1543.615,2218.789,1,0
OffScreenDen_AR: -294.8967,-505.9913,1423.615,2401.789,1,1
Connection: AR_A01,AR_A02,2,17,93,17,2,0
Connection: AR_A01,GATE_SI_AR,45,17,2,11,0,2
Connection: AR_A02,AR_A03,49,27,27,6,1,3
Connection: AR_A02,AR_A04,6,17,42,60,2,0
Connection: AR_A03,AR_A06,30,28,81,10,1,3
Connection: AR_A03,AR_S01,17,17,30,17,2,0
Connection: AR_A04,AR_A05,31,15,44,30,3,1
Connection: AR_A05,AR_A08,1,11,92,11,2,0
Connection: AR_A06,AR_A07,79,48,22,24,3,1
Connection: AR_A08,AR_B01,7,5,147,48,2,0
Connection: AR_B01,AR_B02,9,21,95,9,2,0
Connection: AR_B02,AR_B03,31,3,33,27,3,1
Connection: AR_B03,AR_B04,10,18,42,23,2,0
Connection: AR_B04,AR_B05,3,10,41,53,2,0
Connection: AR_B05,AR_B06,23,67,22,8,1,3
Connection: AR_B05,AR_S02,35,46,25,27,0,1
Connection: AR_B05,AR_B25,10,27,91,27,2,0
Connection: AR_B05,AR_B26,31,11,39,28,3,1
Connection: AR_B06,AR_B07,6,7,90,8,3,3
Connection: AR_B07,AR_B30,5,10,43,17,2,0
Connection: AR_B08,AR_B09,6,17,93,63,2,0
Connection: AR_B08,AR_B30,41,17,4,17,0,2
Connection: AR_B08,AR_B25,24,5,12,67,3,1
Connection: AR_B09,AR_B10,17,49,36,5,2,0
Connection: AR_B09,AR_C01,5,8,91,8,2,0
Connection: AR_B10,AR_B11,11,70,93,70,2,0
Connection: AR_B10,AR_B15,36,70,5,27,0,2
Connection: AR_B10,AR_B27,11,5,44,23,2,0
Connection: AR_B11,AR_B12,6,70,36,27,2,0
Connection: AR_B11,AR_B43,6,4,5,21,2,1
Connection: AR_B11,AR_C05,72,2,15,25,3,1
Connection: AR_B12,AR_B24,22,5,22,29,3,1
Connection: AR_B13,AR_B24,22,28,22,4,1,3
Connection: AR_B13,AR_B14,11,5,89,132,2,0
Connection: AR_B13,AR_C03,36,5,6,63,0,2
Connection: AR_B14,AR_S03,95,83,8,17,0,2
Connection: AR_B14,AR_D01,73,9,3,16,0,2
Connection: AR_B15,AR_B16,94,27,11,70,0,2
Connection: AR_B16,AR_B17,11,31,94,21,2,0
Connection: AR_B16,AR_D08,25,8,11,71,3,1
Connection: AR_B17,AR_B18,5,21,43,65,2,0
Connection: AR_B18,AR_B19,4,65,43,14,2,0
Connection: AR_B18,AR_D18,13,8,21,30,3,1
Connection: AR_B19,AR_B20,3,14,33,57,2,0
Connection: AR_B20,AR_B21,26,73,33,14,1,3
Connection: AR_B20,AR_B28,14,57,42,14,2,0
Connection: AR_B20,AR_B27,44,4,7,8,0,2
Connection: AR_B20,AR_D16,9,5,17,70,3,1
Connection: AR_B21,AR_S08,15,14,24,22,3,1
Connection: AR_B22,AR_B42,26,73,33,8,1,3
Connection: AR_B22,AR_S14,13,60,31,16,2,0
Connection: AR_B22,AR_B23,13,2,41,11,2,0
Connection: AR_B23,AR_D02,3,18,42,113,3,0
Connection: AR_B24,AR_B28,36,12,4,13,0,2
Connection: AR_B27,AR_C05,32,8,40,17,0,1
Connection: AR_B29,AR_I09,35,29,5,13,1,3
Connection: AR_B29,AR_I10,95,15,5,17,0,2
Connection: AR_B29,AR_D06,7,6,144,63,2,0
Connection: AR_B31,AR_I11,4,70,41,11,2,0
Connection: AR_B31,AR_B32,5,6,37,68,2,0
Connection: AR_B32,AR_G22,42,10,7,17,0,2
Connection: AR_B32,AR_G21,7,8,137,57,2,0
Connection: AR_B33,AR_G02,39,16,11,25,0,2
Connection: AR_B34,AR_G02,5,29,24,7,1,3
Connection: AR_B34,AR_G03,42,16,4,23,0,2
Connection: AR_B35,AR_G06,41,69,7,8,0,2
Connection: AR_B35,AR_G07,19,7,10,22,0,2
Connection: AR_B36,AR_G09,42,70,13,30,0,2
Connection: AR_B36,AR_G07,4,68,41,26,2,0
Connection: AR_B36,AR_G14,41,45,7,18,0,2
Connection: AR_B36,AR_G11,8,8,42,22,2,0
Connection: AR_B36,AR_G18,38,4,6,32,0,2
Connection: AR_B37,AR_G11,89,17,17,25,0,2
Connection: AR_B37,AR_G13,12,12,41,15,2,0
Connection: AR_B38,AR_G13,86,10,6,15,0,2
Connection: AR_B38,AR_G28,17,4,19,72,3,1
Connection: AR_B39,AR_B40,23,29,23,4,1,3
Connection: AR_B39,AR_D36,17,4,17,8,3,1
Connection: AR_B40,AR_B41,3,12,34,11,2,0
Connection: AR_B41,AR_E07,2,29,2,4,1,3
Connection: AR_B41,AR_F03,5,3,187,67,3,1
Connection: AR_B42,AR_B43,5,25,42,17,2,0
Connection: AR_C01,AR_C05,37,30,8,5,1,3
Connection: AR_C01,AR_C02,14,2,62,27,3,1
Connection: AR_C02,AR_C03,6,6,41,6,2,0
Connection: AR_C02,AR_C04,145,3,5,2,3,3
Connection: AR_C03,AR_C07,4,15,43,18,2,0
Connection: AR_C04,AR_D25,44,4,40,66,3,1
Connection: AR_C06,AR_D18,43,22,5,14,0,2
Connection: AR_C06,AR_D16,4,16,90,54,2,0
Connection: AR_D01,AR_D02,44,15,7,66,0,2
Connection: AR_D02,AR_D11,5,113,37,25,2,0
Connection: AR_D02,AR_D03,40,103,9,22,0,2
Connection: AR_D02,AR_D15,40,66,3,25,0,2
Connection: AR_D02,AR_D05,22,18,26,24,3,2
Connection: AR_D03,AR_D18,100,25,18,4,1,3
Connection: AR_D03,AR_D19,150,30,8,4,0,3
Connection: AR_D03,AR_D07,193,9,5,10,0,2
Connection: AR_D03,AR_D04,94,6,25,114,0,1
Connection: AR_D04,AR_D29,9,95,90,9,2,0
Connection: AR_D04,AR_D14,5,42,42,4,2,0
Connection: AR_D04,AR_F01,42,42,6,31,0,2
Connection: AR_D04,AR_D05,7,7,94,11,2,0
Connection: AR_D04,AR_D06,40,7,7,57,0,2
Connection: AR_D05,AR_D22,95,26,5,12,0,2
Connection: AR_D05,AR_D09,5,19,41,8,2,0
Connection: AR_D06,AR_D24,103,68,91,6,2,3
Connection: AR_D06,AR_D23,1,32,32,6,2,3
Connection: AR_D06,AR_D20,150,13,9,27,0,1
Connection: AR_D06,AR_S06,32,9,24,27,3,1
Connection: AR_D07,AR_D08,5,29,4,7,1,3
Connection: AR_D07,AR_S04,90,18,24,6,1,3
Connection: AR_D08,AR_D30,94,63,8,63,0,2
Connection: AR_D09,AR_D10,11,29,80,12,1,3
Connection: AR_D10,AR_D11,80,64,11,10,1,3
Connection: AR_D10,AR_S18,60,57,34,18,2,0
Connection: AR_D10,AR_D29,93,57,5,24,0,2
Connection: AR_D10,AR_D12,4,38,41,11,2,0
Connection: AR_D10,AR_G01,9,19,89,3,2,0
Connection: AR_D10,AR_D13,93,19,5,4,0,2
Connection: AR_D11,AR_D12,14,25,41,23,2,0
Connection: AR_D13,AR_D17,6,29,3,5,1,2
Connection: AR_D13,AR_D21,41,26,7,26,0,2
Connection: AR_D13,AR_D14,42,4,5,4,0,2
Connection: AR_D14,AR_D15,24,30,24,5,1,3
Connection: AR_D15,AR_D16,30,29,42,10,1,3
Connection: AR_D15,AR_D17,5,14,42,5,2,0
Connection: AR_D16,AR_D33,44,24,4,22,0,2
Connection: AR_D17,AR_D35,42,29,5,23,0,2
Connection: AR_D18,AR_D19,42,28,5,28,0,2
Connection: AR_D20,AR_D27,42,17,34,10,0,3
Connection: AR_D21,AR_D23,90,24,6,65,0,2
Connection: AR_D21,AR_H01,36,7,110,31,3,1
Connection: AR_D21,AR_D22,81,6,23,28,3,1
Connection: AR_D22,AR_D23,42,12,5,16,0,2
Connection: AR_D23,AR_D24,40,47,7,24,0,2
Connection: AR_D23,AR_D26,42,16,6,13,0,2
Connection: AR_D24,AR_D25,28,25,27,11,1,3
Connection: AR_D25,AR_D32,6,31,42,17,2,0
Connection: AR_D27,AR_D28,91,15,8,18,0,2
Connection: AR_D28,AR_D36,39,18,4,29,0,2
Connection: AR_D29,AR_H18,52,26,23,28,3,1
Connection: AR_D30,AR_D31,118,32,20,23,2,0
Connection: AR_D30,AR_E01,10,6,92,29,2,0
Connection: AR_D32,AR_D33,4,17,43,5,2,0
Connection: AR_D33,AR_D34,28,10,33,29,2,1
Connection: AR_D34,AR_D35,6,17,42,13,2,0
Connection: AR_E01,AR_E13,7,27,88,15,2,0
Connection: AR_E01,AR_E02,80,4,44,29,3,1
Connection: AR_E02,AR_E03,5,9,40,29,2,1
Connection: AR_E03,AR_S13,3,9,31,17,2,0
Connection: AR_E03,AR_E04,43,4,11,28,3,1
Connection: AR_E04,AR_E05,143,25,23,21,1,3
Connection: AR_E05,AR_E06,42,63,11,5,1,3
Connection: AR_E05,AR_E15,5,52,37,13,3,0
Connection: AR_E06,AR_E10,94,30,20,5,1,3
Connection: AR_E06,AR_E16,4,30,42,17,2,0
Connection: AR_E06,AR_E07,93,7,39,69,3,1
Connection: AR_E07,AR_E08,44,59,23,11,0,2
Connection: AR_E09,AR_E10,10,8,43,16,2,0
Connection: AR_E10,AR_E12,20,29,74,5,1,3
Connection: AR_E10,AR_E11,4,16,89,4,2,0
Connection: AR_E11,AR_E12,79,30,32,4,1,3
Connection: AR_E11,AR_E18,6,26,41,19,2,0
Connection: AR_E12,AR_E17,12,12,44,15,2,0
Connection: AR_E13,AR_E27,9,27,13,4,1,3
Connection: AR_E13,AR_E14,69,7,23,29,3,1
Connection: AR_E14,AR_I01,23,5,24,30,3,1
Connection: AR_E16,AR_E21,4,17,93,15,2,0
Connection: AR_E17,AR_E18,3,15,33,57,2,0
Connection: AR_E18,AR_E19,25,73,28,3,1,3
Connection: AR_E18,AR_E20,14,57,44,58,2,0
Connection: AR_E18,AR_E22,6,19,44,11,2,0
Connection: AR_E18,AR_E21,22,9,76,25,3,1
Connection: AR_E19,AR_S09,34,22,24,22,3,1
Connection: AR_E20,AR_E24,3,58,38,27,2,0
Connection: AR_E20,AR_E21,14,5,38,21,3,1
Connection: AR_E21,AR_E27,5,22,42,23,2,0
Connection: AR_E22,AR_E24,4,29,42,4,2,0
Connection: AR_E22,AR_E23,3,10,41,9,2,0
Connection: AR_E23,AR_E24,11,27,18,9,1,3
Connection: AR_E24,AR_E26,9,23,83,128,1,3
Connection: AR_E25,AR_E26,35,23,79,4,1,3
Connection: AR_E25,AR_E34,18,6,18,29,3,1
Connection: AR_E26,AR_E31,37,142,12,6,1,3
Connection: AR_E26,AR_E30,76,145,24,4,1,3
Connection: AR_E26,AR_E29,40,84,8,15,0,2
Connection: AR_E26,AR_E27,95,15,5,23,0,2
Connection: AR_E27,AR_S07,4,11,34,17,2,0
Connection: AR_E28,AR_E34,19,13,15,4,1,3
Connection: AR_E30,AR_E32,40,28,92,8,1,3
Connection: AR_E31,AR_E32,12,28,39,7,1,3
Connection: AR_E32,AR_E33,49,14,22,5,1,3
Connection: AR_E34,AR_R01,4,25,39,25,2,0
Connection: AR_E34,AR_R06,4,14,41,21,2,0
Connection: AR_F01,AR_F02,43,8,3,17,0,2
Connection: AR_F02,AR_F03,43,17,5,56,0,2
Connection: AR_F03,AR_S17,196,59,15,17,0,2
Connection: AR_F03,AR_F04,126,56,26,73,3,1
Connection: AR_F03,AR_F07,112,24,25,8,1,3
Connection: AR_F03,AR_F06,59,24,13,9,1,3
Connection: AR_F04,AR_F16,13,20,94,7,2,0
Connection: AR_F04,AR_F05,25,4,184,108,3,1
Connection: AR_F05,AR_F17,20,108,25,4,1,3
Connection: AR_F05,AR_F19,130,95,11,7,1,3
Connection: AR_F05,AR_F15,84,82,40,14,3,1
Connection: AR_F05,AR_F08,179,47,26,8,1,3
Connection: AR_F05,AR_F21,126,49,15,7,0,2
Connection: AR_F05,AR_F13,87,42,45,8,1,3
Connection: AR_F05,AR_F12,35,18,14,13,0,2
Connection: AR_F05,AR_F10,156,18,33,13,2,0
Connection: AR_F05,AR_F23,63,10,34,13,2,0
Connection: AR_F05,AR_F22,127,9,6,18,0,2
Connection: AR_F09,AR_F24,30,26,18,15,1,3
Connection: AR_F09,AR_F21,14,16,32,19,2,0
Connection: AR_F09,AR_F10,30,5,30,30,3,1
Connection: AR_F10,AR_F11,14,16,87,16,2,0
Connection: AR_F10,AR_F22,20,4,34,19,3,1
Connection: AR_F11,AR_F12,12,16,34,16,2,0
Connection: AR_F12,AR_F13,23,24,6,10,1,3
Connection: AR_F12,AR_F23,30,8,23,24,3,1
Connection: AR_F13,AR_F14,2,27,12,16,1,3
Connection: AR_F13,AR_S15,22,20,15,17,0,2
Connection: AR_F14,AR_F15,37,19,6,19,0,2
Connection: AR_F16,AR_H13,64,30,87,5,1,3
Connection: AR_F16,AR_F17,4,25,34,36,2,0
Connection: AR_F17,AR_F18,21,73,17,14,1,3
Connection: AR_F18,AR_I01,30,25,24,4,1,3
Connection: AR_F18,AR_H19,9,21,39,19,2,0
Connection: AR_F20,AR_S11,36,21,23,9,1,3
Connection: AR_F20,AR_F25,40,18,7,18,0,2
Connection: AR_F20,AR_H13,10,16,86,64,2,0
Connection: AR_F22,AR_G24,41,15,6,15,0,2
Connection: AR_G01,AR_G02,7,23,37,25,2,0
Connection: AR_G03,AR_G15,146,23,3,22,0,2
Connection: AR_G03,AR_G04,45,19,17,18,3,1
Connection: AR_G03,AR_G06,134,7,24,70,3,1
Connection: AR_G05,AR_S10,42,17,16,17,0,2
Connection: AR_G05,AR_G06,6,7,41,8,2,0
Connection: AR_G07,AR_G08,33,18,3,16,0,2
Connection: AR_G07,AR_G17,28,4,36,30,3,1
Connection: AR_G08,AR_G09,44,16,13,20,0,2
Connection: AR_G09,AR_G10,34,23,6,11,0,3
Connection: AR_G09,AR_G14,13,5,39,18,2,0
Connection: AR_G11,AR_G12,5,16,37,23,2,0
Connection: AR_G12,AR_G16,17,4,17,30,3,1
Connection: AR_G15,AR_H01,43,12,7,20,0,2
Connection: AR_G16,AR_G17,43,12,6,24,0,2
Connection: AR_G18,AR_G19,91,32,21,3,0,2
Connection: AR_G18,AR_G31,95,5,8,14,0,2
Connection: AR_G19,AR_G20,127,14,6,7,0,2
Connection: AR_G20,AR_G21,41,9,4,48,0,2
Connection: AR_G20,AR_S16,34,3,23,26,3,1
Connection: AR_G21,AR_G27,140,17,9,15,0,2
Connection: AR_G21,AR_G23,76,9,24,25,3,1
Connection: AR_G22,GATE_SB_AR,94,9,11,19,3,1
Connection: AR_G23,AR_G24,27,5,28,19,3,1
Connection: AR_G24,AR_G25,38,4,15,13,3,1
Connection: AR_G25,AR_G26,40,25,12,11,0,2
Connection: AR_G26,AR_G27,24,69,33,10,1,3
Connection: AR_G28,AR_G29,6,6,93,7,2,0
Connection: AR_G29,AR_G30,6,11,45,12,2,0
Connection: AR_H01,AR_H18,89,30,23,7,1,3
Connection: AR_H01,AR_H02,140,13,5,88,0,2
Connection: AR_H02,AR_H08,26,139,30,5,2,3
Connection: AR_H02,AR_H12,42,88,12,16,0,2
Connection: AR_H02,AR_H06,42,50,7,61,0,2
Connection: AR_H02,AR_H14,5,47,43,17,2,0
Connection: AR_H02,AR_H10,43,21,3,23,3,2
Connection: AR_H02,AR_H09,5,13,39,21,2,0
Connection: AR_H03,AR_H14,39,29,5,8,0,2
Connection: AR_H03,AR_H09,43,6,8,9,0,2
Connection: AR_H03,AR_H04,6,5,6,24,3,1
Connection: AR_H04,AR_H07,34,21,5,8,0,2
Connection: AR_H04,AR_H05,40,8,10,25,3,1
Connection: AR_H05,AR_H06,137,22,31,7,1,3
Connection: AR_H06,AR_H10,7,47,42,6,2,0
Connection: AR_H07,AR_H09,5,20,31,7,2,3
Connection: AR_H07,AR_H10,40,27,6,4,0,2
Connection: AR_H07,AR_S05,41,6,15,17,0,2
Connection: AR_H08,AR_H17,8,28,22,4,1,3
Connection: AR_H08,AR_H19,39,5,16,26,3,1
Connection: AR_H11,AR_I01,39,18,11,17,0,2
Connection: AR_H11,AR_H17,6,12,22,27,3,1
Connection: AR_H12,AR_H13,35,16,4,64,0,2
Connection: AR_H13,AR_H16,8,15,94,19,2,0
Connection: AR_H14,AR_H15,29,5,11,29,3,1
Connection: AR_H15,AR_H16,39,7,5,5,0,2
Connection: AR_I01,AR_I02,37,17,3,14,0,2
Connection: AR_I02,AR_I03,42,9,7,15,0,2
Connection: AR_I03,AR_I04,91,15,7,58,0,2
Connection: AR_I04,AR_I05,44,70,39,8,1,3
Connection: AR_I04,AR_I06,54,70,12,4,1,3
Connection: AR_I04,AR_I07,92,58,4,28,0,2
Connection: AR_I04,AR_I09,7,15,95,18,2,0
Connection: AR_I04,AR_I08,92,15,4,11,0,2
Connection: AR_I05,AR_I06,35,23,8,23,0,2
Connection: AR_I07,AR_I08,5,6,25,29,3,1
Connection: AR_I09,AR_S12,8,28,33,17,2,0
Connection: AR_I10,AR_I12,43,17,9,26,0,2
Connection: AR_I11,AR_I12,26,73,23,4,1,3
Connection: AR_I12,AR_I13,38,10,12,17,0,2
Connection: AR_R01,AR_R03,19,29,33,4,1,3
Connection: AR_R02,AR_R03,40,99,4,10,0,2
Connection: AR_R02,AR_R05,7,22,40,52,2,0
Connection: AR_R02,AR_R04,42,22,4,17,0,2
Connection: AR_R04,AR_R06,43,21,12,5,1,3
Connection: AR_R05,AR_R07,5,19,40,15,2,0
